# SCALE model version 1.0  (August 16, 2007)
# Model Description: test with both male and female
#
# Set Matrix Sizes
# separate sex or single sex model (nsex)
     2
# start year (for output report)
     1982
# end year
     2004
# number of years (nyears)
     23
# Number of ages (nages)
     15
# Number of lengths (nlengths)
     98
# number of selectivity blocks (nblocks)
     2
# pointer vector for selectivity blocks, 1 to nyears (use unique numbers to signify blocks, start with the number 1)
     1   1   1   2   2   2   2   2   2   2   2   2   2   2   2   2   2   2   2   2   2   2   2
# number of recruitment indices (nrec_ind)
     2
# number of adult indices, lengths cms greater than or equal (nadult_ind)
     2
# number of surveys with length frequencies (nsurvey_lfs)
     2
# Biological Data
# Male Natural Mortality Rate
     0.2
# Female Natural Mortality Rate
     0.2
# Male Mean Lengths at Age
     10.28   20.12   27.12   32.10   35.64   38.17   39.96   41.24   42.15   42.80   43.26   43.59   43.82   43.99   44.11
# Male Standard Deviation of Length at Age
     2.10   2.10   2.20   2.50   2.80   3.10   3.40   3.70   4.00   4.21   4.40   4.60   4.75   4.80   4.85
# Female Mean Lengths at Age
     10.28   20.12   27.12   32.10   35.64   38.17   39.96   41.24   42.15   42.80   43.26   43.59   43.82   43.99   44.11
# Female Standard Deviation of Length at Age
     2.10   2.10   2.20   2.50   2.80   3.10   3.40   3.70   4.00   4.21   4.40   4.60   4.75   4.80   4.85
# length-weight parameters in kilograms
# natural log (ln) of "a" in length-weight equation (Wt = a * length ^ b)
     -11.5527
# b in length-weight equation (Wt = a * length ^ b)
     3.075212
# Fishery Data
# Total catch in Weight (metric tons) by Year
     6136   3024   2877   3307   1695   2709   1933   2401   1593   1218   994   777   659   893   682   702   694   301   340   626   688   733   507
# Observed catch length frequency distributions (Years=Columns, Lengths=rows), turn off fit below, can be in proportions (if the entire distribution is fitted) or numbers
     0   0   0   0   0   0   0   0   0   0   0   0   0   0   0   0   0   0   0   0   0   0   0
     0   0   0   0   0   0   0   0   0   0   0   0   216   0   0   0   70   21   26   19   0   0   0
     0   0   0   0   0   0   0   0   0   0   0   0   216   0   0   0   70   21   26   19   0   0   0
     0   0   0   0   0   0   0   0   0   0   0   0   216   0   0   0   70   21   26   19   0   0   0
     0   0   0   0   0   0   0   0   0   0   0   151   109   0   0   0   105   31   39   29   0   0   0
     68   81   123   146   168   260   198   668   0   0   264   0   3   0   0   1   0   0   0   0   0   0   0
     274   325   493   585   673   1042   791   2671   0   0   1056   151   548   2   2   2   246   72   91   67   0   0   0
     174   204   308   367   421   651   495   2004   0   0   528   75   554   5   4   4   212   63   78   57   0   0   0
     314   368   555   663   759   1172   893   1338   0   246   1584   527   236   10   1602   7   460   137   169   124   0   0   0
     571   656   987   1180   1352   2084   1590   674   1   983   2905   1507   786   1943   2404   10   1686   499   625   459   226   641   266
     710   788   1174   1408   1610   2478   1898   2017   3   1475   2643   2788   2092   2463   2414   12   2849   842   1055   774   527   1410   474
     1589   1744   2598   3103   3558   5478   4189   8708   2045   2212   4759   8891   5129   5425   2821   14   7517   2215   2785   2046   957   2262   661
     81892   11513   13739   40976   13975   34445   12068   19164   4475   7691   10988   19062   12903   11476   6259   6243   16315   5275   5515   7064   1714   3602   2533
     61503   14758   18041   36727   19433   53980   16692   29323   7713   9744   22177   24469   14670   18315   10464   40274   20088   6626   7203   8558   1456   3760   3207
     71018   20414   21261   38499   28808   90482   20939   42210   14719   16862   20932   25726   16396   16439   10379   44433   19102   7459   7898   8634   2378   5267   3206
     101162   23712   23189   41407   36606   89886   23085   44990   19717   18479   22964   23885   15755   14440   18150   60988   16624   7910   8635   8807   2681   4528   3664
     108180   28238   26858   36773   37951   82445   26746   41863   16241   24744   28370   18517   17625   12900   9841   31606   12403   7075   9510   6913   4548   6341   3927
     121532   32598   25247   37697   35347   76507   25905   47048   19979   25486   22027   16459   18039   12646   13026   33150   11964   6528   10036   5634   3733   5067   3436
     175713   34579   38832   49500   40044   74717   33200   40885   15058   31831   27936   16185   14985   18242   10552   41737   13374   6106   10602   6564   4953   4415   2120
     237232   56773   55108   46148   39656   65971   36728   41849   29816   28121   27083   16622   14889   18792   11053   37114   12496   5770   8914   6586   6260   6408   2730
     262746   45308   46490   67449   37279   57433   34088   30648   32784   28457   27044   18206   13115   16357   10094   25763   11248   4989   9125   6829   5125   7252   3218
     282421   112438   60811   65031   39181   64619   36263   28623   32923   27387   21935   16768   9881   12101   9597   19067   9031   4422   8801   6985   5561   5568   3808
     301652   212256   114269   126062   42989   61644   36580   28724   25793   25667   24318   16067   8724   12789   11093   18491   8493   4666   9744   8251   5679   6915   3693
     239422   61356   200841   136023   43009   85315   41495   39586   31184   21830   22780   14648   9422   10362   8381   14495   9355   4374   10546   7963   5956   8151   4492
     453964   103370   192378   190197   57989   93553   45947   40984   56674   23476   23761   12900   9754   10846   11304   15568   8256   3798   10497   9738   5308   9893   4886
     521459   158831   290387   122762   73687   74704   57978   65317   40996   27307   23704   16995   12258   13167   11688   7617   8430   4421   11865   11552   7902   12148   5755
     680732   242192   381419   202939   103452   94593   82854   80961   48255   44491   24216   17498   22024   17124   10661   19736   11485   3930   10310   15407   7720   11115   6978
     712341   285461   575832   289005   96790   142214   101548   153346   85413   52108   37654   38809   27427   44508   20607   13444   24903   4446   14043   18290   14047   14653   7269
     841318   366677   597494   291154   130957   289391   173350   254119   113806   80989   68700   84306   97958   99023   45597   45605   57220   6708   15056   37613   16610   19544   15993
     1004433   405613   500077   456933   219644   402361   201955   235912   192399   176115   177062   220825   134039   182034   126816   95994   74520   23964   48202   52147   41977   43087   37876
     1183693   482373   504298   436047   262963   441784   282718   396041   298201   261890   284714   265362   168672   239728   213353   177669   131158   49981   69685   70408   73295   88910   49081
     1009697   511981   493414   600658   335484   458400   299937   395124   306216   285183   233901   150062   161090   245332   214631   220188   145937   61965   76322   119840   105283   127185   60441
     1361308   503230   555365   671172   299300   457851   373119   519376   266630   274083   200576   134185   155977   224958   205529   201712   153851   72095   83315   118056   133043   136106   75075
     1204150   504233   445515   580337   246563   389603   378735   431871   321237   220593   185331   65969   143637   202635   158732   162890   141621   58827   66537   133454   134982   132799   64392
     1032590   442767   368223   511812   185375   328167   294310   341280   258323   203132   172240   57250   128064   159666   130843   120307   133151   57063   59527   129678   136470   115046   66111
     854057   418835   277948   536248   165207   355962   278715   378233   238172   167878   146758   41408   86007   135528   96511   82333   93523   44276   54327   119767   129424   110116   62014
     453637   294257   230005   285671   192614   249428   227727   205279   198860   126864   115053   25823   63496   77254   51680   62000   74679   41129   62343   105659   104081   85253   61795
     371572   293751   158468   269111   142827   269815   182549   237164   176168   114808   71571   31950   53431   49919   44400   47818   71568   29633   29556   91086   80703   87155   50638
     271747   205854   94690   278270   120923   322024   99289   122717   132067   88283   70554   22097   41340   46062   24720   32358   62856   20247   22464   48298   60877   67666   44954
     292587   173867   112247   195640   65157   170518   66592   116417   95158   72153   34025   13410   13592   31532   24171   33884   36088   12850   13837   39412   36533   48368   32145
     176112   114846   108984   137279   83391   95456   71763   147416   64426   22094   37963   11358   15229   22732   12570   18198   28564   9883   6867   25844   30328   36367   22920
     102207   125219   74927   139504   58079   37481   40026   53077   45007   33685   29176   4195   10661   9082   7057   15676   17748   8275   4966   19246   22139   25949   21030
     108671   66888   83412   102239   50047   93840   92377   105199   41472   18554   14339   6562   4351   9297   6580   10845   10610   10022   4643   13463   14584   20458   18513
     78708   58900   53782   65107   42945   54874   45182   38568   24320   19437   6269   4637   6469   9377   3852   5803   5201   6022   3524   11559   10079   16030   15440
     19185   34737   55376   18557   35646   62075   26369   13166   16758   12257   4098   2919   1925   5271   620   4888   6169   6576   2015   7481   6558   10760   11632
     68875   24536   44345   15091   36569   44291   29525   31678   9150   2703   4715   458   5939   3287   620   1962   2116   1224   1202   3968   4966   5732   8408
     31500   35766   15991   17263   25539   22240   23512   24961   8155   26327   4367   229   1155   2507   827   3949   1790   1141   2541   2185   1996   3933   5755
     15393   22970   4528   15464   26910   28036   28296   19198   7396   2362   4349   1941   385   4022   207   786   2441   597   2336   4098   2078   4779   5751
     753   8558   3066   10431   13857   3445   7869   6055   1798   1033   6434   1279   385   947   827   0   1302   699   409   1127   1722   2453   2996
     20436   2319   5616   12594   5664   1722   7869   1800   0   636   773   839   0   0   413   375   977   44   0   1338   2127   1241   344
     3472   0   0   7915   6022   9483   494   0   2686   1271   0   0   0   311   0   0   977   44   0   385   432   1602   1380
     3472   1820   0   8996   6365   7348   1652   6055   0   3182   0   0   0   0   1409   0   488   102   0   128   104   1186   1599
     6944   0   0   0   6365   0   0   0   0   0   773   0   0   0   207   0   326   0   0   334   133   1416   4553
     0   0   0   0   2470   0   0   0   0   0   773   0   0   0   413   0   326   0   0   128   0   743   1354
     13888   1904   2394   0   701   0   1112   0   0   0   0   0   0   0   207   0   163   0   0   532   190   743   5044
     0   0   0   0   0   0   0   0   0   0   0   0   0   0   0   0   326   102   0   206   113   548   1061
     3472   0   3967   0   357   0   0   0   0   0   0   0   0   0   0   0   163   0   0   64   0   601   48
     6944   0   0   0   0   0   0   0   0   0   0   0   0   311   207   0   163   102   145   64   0   673   1044
     3472   0   0   0   0   0   0   0   0   0   0   0   0   0   207   0   0   0   0   0   743   247   1944
     0   0   0   0   701   0   0   0   0   0   0   0   0   0   0   0   0   0   0   0   0   0   964
     3472   0   0   0   0   0   0   0   0   0   0   0   0   0   0   0   0   0   0   0   0   0   0
     0   0   0   0   0   0   0   0   0   0   0   0   0   0   0   0   0   0   0   0   0   0   0
     3472   0   0   0   0   0   0   0   0   0   0   0   0   0   0   0   0   0   0   0   0   0   0
     0   0   0   0   0   0   0   0   0   0   0   0   0   0   0   0   0   0   0   0   0   0   0
     3472   0   0   0   0   0   0   0   0   0   0   0   0   0   0   0   0   0   0   0   0   0   0
     0   0   0   0   0   0   0   0   0   0   0   0   0   0   0   0   0   0   0   0   0   0   0
     0   0   0   0   0   0   0   0   0   0   0   0   0   0   0   0   0   0   0   0   0   0   0
     0   0   0   0   0   0   0   0   0   0   0   0   0   0   0   0   0   0   0   0   0   0   0
     0   0   0   0   0   0   0   0   0   0   0   0   0   0   0   0   0   0   0   0   0   0   0
     0   0   0   0   0   0   0   0   0   0   0   0   0   0   0   0   0   0   0   0   0   0   0
     0   0   0   0   0   0   0   0   0   0   0   0   0   0   0   0   0   0   0   0   0   0   0
     0   0   0   0   0   0   0   0   0   0   0   0   0   0   0   0   0   0   0   0   0   0   0
     0   0   0   0   0   0   0   0   0   0   0   0   0   0   0   0   0   0   0   0   0   0   0
     0   0   0   0   0   0   0   0   0   0   0   0   0   0   0   0   0   0   0   0   0   0   0
     0   0   0   0   0   0   0   0   0   0   0   0   0   0   0   0   0   0   0   0   0   0   0
     0   0   0   0   0   0   0   0   0   0   0   0   0   0   0   0   0   0   0   0   0   0   0
     0   0   0   0   0   0   0   0   0   0   0   0   0   0   0   0   0   0   0   0   0   0   0
     0   0   0   0   0   0   0   0   0   0   0   0   0   0   0   0   0   0   0   0   0   0   0
     0   0   0   0   0   0   0   0   0   0   0   0   0   0   0   0   0   0   0   0   0   0   0
     0   0   0   0   0   0   0   0   0   0   0   0   0   0   0   0   0   0   0   0   0   0   0
     0   0   0   0   0   0   0   0   0   0   0   0   0   0   0   0   0   0   0   0   0   0   0
     0   0   0   0   0   0   0   0   0   0   0   0   0   0   0   0   0   0   0   0   0   0   0
     0   0   0   0   0   0   0   0   0   0   0   0   0   0   0   0   0   0   0   0   0   0   0
     0   0   0   0   0   0   0   0   0   0   0   0   0   0   0   0   0   0   0   0   0   0   0
     0   0   0   0   0   0   0   0   0   0   0   0   0   0   0   0   0   0   0   0   0   0   0
     0   0   0   0   0   0   0   0   0   0   0   0   0   0   0   0   0   0   0   0   0   0   0
     0   0   0   0   0   0   0   0   0   0   0   0   0   0   0   0   0   0   0   0   0   0   0
     0   0   0   0   0   0   0   0   0   0   0   0   0   0   0   0   0   0   0   0   0   0   0
     0   0   0   0   0   0   0   0   0   0   0   0   0   0   0   0   0   0   0   0   0   0   0
     0   0   0   0   0   0   0   0   0   0   0   0   0   0   0   0   0   0   0   0   0   0   0
     0   0   0   0   0   0   0   0   0   0   0   0   0   0   0   0   0   0   0   0   0   0   0
     0   0   0   0   0   0   0   0   0   0   0   0   0   0   0   0   0   0   0   0   0   0   0
     0   0   0   0   0   0   0   0   0   0   0   0   0   0   0   0   0   0   0   0   0   0   0
     0   0   0   0   0   0   0   0   0   0   0   0   0   0   0   0   0   0   0   0   0   0   0
     0   0   0   0   0   0   0   0   0   0   0   0   0   0   0   0   0   0   0   0   0   0   0
     0   0   0   0   0   0   0   0   0   0   0   0   0   0   0   0   0   0   0   0   0   0   0
     0   0   0   0   0   0   0   0   0   0   0   0   0   0   0   0   0   0   0   0   0   0   0
     0   0   0   0   0   0   0   0   0   0   0   0   0   0   0   0   0   0   0   0   0   0   0
# Fstart guess to be applied for model initialization
     0.2
# Fmult guess to be applied for model initialization
     0.100   0.100   0.100   0.100   0.100   0.100   0.100   0.100   0.100   0.100   0.100   0.100   0.100   0.100   0.100   0.100   0.100   0.100   0.100   0.100   0.100   0.100   0.100
# Initial year one guess of recruitment
     5000000
# variation in recruitment guess from year one
     0.0000   0.0000   0.0000   0.0000   0.0000   0.0000   0.0000   0.0000   0.0000   0.0000   0.0000   0.0000   0.0000   0.0000   0.0000   0.0000   0.0000   0.0000   0.0000   0.0000   0.0000   0.0000
#
# turn on (1) or off (0) catch length frequency distribution fit
     1  1  1  1  1  1  1  1  1  1  1  1  1  1  1  1  1  1  1  1  1  1  1  
# Catch length frequency fits this number and larger, default is 1
     1
# Survey recruitment indices
# observed numbers per tow, recruitment index 1
     1     1982   380361
     1     1983   218787
     1     1984   136564
     1     1985   87772
     1     1986   111157
     1     1987   141285
     1     1988   127045
     1     1989   98813
     1     1990   204809
     1     1991   239653
     1     1992   180036
     1     1993   315860
     1     1994   283484
     1     1995   346130
     1     1996   205827
     1     1997   302903
     1     1998   267571
     1     1999   371212
     1     2000   451286
     1     2001   180048
     1     2002   215270
     1     2003   193083
     1     2004   263833
# observed numbers per tow, recruitment index 2
     2     1982   463572
     2     1983   776746
     2     1984   543333
     2     1985   160007
     2     1986   343344
     2     1987   375157
     2     1988   279614
     2     1989   335635
     2     1990   433181
     2     1991   261963
     2     1992   382269
     2     1993   444341
     2     1994   423674
     2     1995   537368
     2     1996   434950
     2     1997   577420
     2     1998   581351
     2     1999   417974
     2     2000   1032227
     2     2001   341649
     2     2002   397158
     2     2003   430322
     2     2004   378748
# Survey Adult indices
# observed numbers per tow, adult index 1
     1     1982   195994
     1     1983   132186
     1     1984   112209
     1     1985   49301
     1     1986   39606
     1     1987   37869
     1     1988   54918
     1     1989   67392
     1     1990   100252
     1     1991   102185
     1     1992   111413
     1     1993   95832
     1     1994   106437
     1     1995   135093
     1     1996   132364
     1     1997   120050
     1     1998   124421
     1     1999   194020
     1     2000   238827
     1     2001   234402
     1     2002   229395
     1     2003   189207
     1     2004   142573
# observed numbers per tow, adult index 2
     2     1982   222442
     2     1983   421420
     2     1984   247020
     2     1985   177233
     2     1986   136569
     2     1987   194002
     2     1988   97079
     2     1989   141152
     2     1990   102589
     2     1991   130619
     2     1992   127334
     2     1993   111601
     2     1994   62402
     2     1995   91903
     2     1996   103982
     2     1997   129334
     2     1998   140591
     2     1999   145632
     2     2000   355476
     2     2001   305469
     2     2002   309203
     2     2003   212749
     2     2004   143354
# Survey Length Frequency Distributions
# observed length frequency distributions, survey 1, numbers per tow
     1   1   0.000   0.000   0.000   0.000   0.000   0.000   0.000   0.000   0.000   0.000   0.000   0.000   0.000   0.000   0.000   0.000   0.000   0.000   0.000   0.000   0.000   0.000   0.000
     1   2   0.000   0.000   0.000   0.000   0.000   0.000   0.000   0.000   0.000   0.000   0.000   0.000   0.000   0.000   0.000   0.000   0.000   0.000   0.000   0.000   0.000   0.000   0.000
     1   3   0.000   0.000   0.000   0.000   0.000   0.000   0.000   0.000   0.000   0.000   0.000   0.000   0.000   0.000   0.000   0.000   0.000   0.000   0.000   0.000   0.000   0.000   0.000
     1   4   0.000   0.000   0.000   0.000   0.000   0.000   0.000   0.000   0.000   0.000   0.000   0.000   0.000   0.000   0.000   0.000   0.000   0.000   0.000   0.000   0.000   0.000   0.000
     1   5   0.000   0.000   0.000   0.000   0.000   0.000   0.000   0.000   0.000   0.000   0.000   0.000   0.000   0.000   0.000   0.000   0.000   0.000   0.000   0.000   0.000   0.000   0.000
     1   6   0.000   0.000   0.000   0.000   0.000   0.000   0.000   0.000   0.000   0.000   0.000   0.000   0.000   0.000   0.000   0.000   0.000   0.000   0.000   0.000   0.000   0.000   0.000
     1   7   0.000   0.000   0.000   0.000   0.000   0.000   0.000   0.000   0.000   0.000   0.000   0.000   0.000   0.000   0.000   0.000   0.000   0.000   0.000   0.000   0.000   0.000   0.000
     1   8   0.000   0.000   0.000   0.000   0.000   0.000   0.000   0.000   0.000   0.000   0.000   0.000   0.000   0.000   0.000   0.000   0.000   0.000   0.000   0.000   0.000   0.000   0.000
     1   9   0.000   0.000   0.000   0.000   0.000   0.000   0.000   0.000   0.000   0.000   0.000   0.000   0.000   0.000   0.000   0.000   0.000   0.000   0.000   0.000   0.000   0.000   0.000
     1   10   0.000   0.000   0.000   0.000   0.000   0.000   0.000   0.000   0.000   0.000   0.000   0.000   0.000   0.000   0.000   0.000   0.000   0.000   0.000   0.000   0.000   0.000   0.000
     1   11   0.000   0.000   0.000   0.000   0.000   0.000   0.000   0.000   0.000   0.000   0.000   0.000   0.000   0.000   0.000   0.000   0.000   0.000   0.000   0.000   0.000   0.000   0.000
     1   12   0.000   0.000   0.000   0.000   0.000   0.000   0.000   0.000   0.000   0.000   0.000   0.000   0.000   0.000   0.000   0.000   0.000   0.000   0.000   0.000   0.000   0.000   0.000
     1   13   0.000   0.000   0.000   0.000   0.000   0.000   0.000   0.000   0.000   0.000   0.000   0.000   0.000   0.000   0.000   0.000   0.000   0.000   0.000   0.000   0.000   0.000   0.000
     1   14   0.000   0.000   0.000   0.000   0.000   0.000   0.000   0.000   0.000   0.000   0.000   0.000   0.000   0.000   0.000   0.000   0.000   0.000   0.000   0.000   0.000   0.000   0.000
     1   15   0.000   0.000   0.000   0.000   0.000   0.000   0.000   0.000   0.000   0.000   0.000   0.000   0.000   0.000   0.000   0.000   0.000   0.000   0.000   0.000   0.000   0.000   0.000
     1   16   0.000   0.000   0.000   0.000   0.000   0.000   0.000   0.000   0.000   0.000   0.000   0.000   0.000   0.000   0.000   0.000   0.000   0.000   0.000   0.000   0.000   0.000   0.000
     1   17   0.000   0.000   0.000   0.000   0.000   0.000   0.000   0.000   0.000   0.000   0.000   0.000   0.000   0.000   0.000   0.000   0.000   0.000   0.000   0.000   0.000   0.000   0.000
     1   18   0.000   0.000   0.000   0.000   0.000   0.000   0.000   0.000   0.000   0.000   0.000   0.000   0.000   0.000   0.000   0.000   0.000   0.000   0.000   0.000   0.000   0.000   0.000
     1   19   0.000   0.000   0.000   0.000   0.000   0.000   0.000   0.000   0.000   0.000   0.000   0.000   0.000   0.000   0.000   0.000   0.000   0.000   0.000   0.000   0.000   0.000   0.000
     1   20   0.000   0.000   0.000   0.000   0.000   0.000   0.000   0.000   0.000   0.000   0.000   0.000   0.000   0.000   0.000   0.000   0.000   0.000   0.000   0.000   0.000   0.000   0.000
     1   21   0.000   0.000   0.000   0.000   0.000   0.000   0.000   0.000   0.000   0.000   0.000   0.000   0.000   0.000   0.000   0.000   0.000   0.000   0.000   0.000   0.000   0.000   0.000
     1   22   0.000   0.000   0.000   0.000   0.000   0.000   0.000   0.000   0.000   0.000   0.000   0.000   0.000   0.000   0.000   0.000   0.000   0.000   0.000   0.000   0.000   0.000   0.000
     1   23   0.000   0.000   0.000   0.000   0.000   0.000   0.000   0.000   0.000   0.000   0.000   0.000   0.000   0.000   0.000   0.000   0.000   0.000   0.000   0.000   0.000   0.000   0.000
     1   24   0.000   0.000   0.000   0.000   0.000   0.000   0.000   0.000   0.000   0.000   0.000   0.000   0.000   0.000   0.000   0.000   0.000   0.000   0.000   0.000   0.000   0.000   0.000
     1   25   0.000   0.000   0.000   0.000   0.000   0.000   0.000   0.000   0.000   0.000   0.000   0.000   0.000   0.000   0.000   0.000   0.000   0.000   0.000   0.000   0.000   0.000   0.000
     1   26   0.000   0.000   0.000   0.000   0.000   0.000   0.000   0.000   0.000   0.000   0.000   0.000   0.000   0.000   0.000   0.000   0.000   0.000   0.000   0.000   0.000   0.000   0.000
     1   27   0.000   0.000   0.000   0.000   0.000   0.000   0.000   0.000   0.000   0.000   0.000   0.000   0.000   0.000   0.000   0.000   0.000   0.000   0.000   0.000   0.000   0.000   0.000
     1   28   0.000   0.000   0.000   0.000   0.000   0.000   0.000   0.000   0.000   0.000   0.000   0.000   0.000   0.000   0.000   0.000   0.000   0.000   0.000   0.000   0.000   0.000   0.000
     1   29   0.000   0.000   0.000   0.000   0.000   0.000   0.000   0.000   0.000   0.000   0.000   0.000   0.000   0.000   0.000   0.000   0.000   0.000   0.000   0.000   0.000   0.000   0.000
     1   30   4.443   2.196   1.670   0.978   1.016   0.873   0.854   1.568   1.959   2.434   1.942   1.576   2.747   3.323   3.089   2.477   2.280   3.661   4.659   4.271   3.063   2.310   2.609
     1   31   4.251   1.680   1.022   0.879   0.738   0.786   1.186   1.253   1.532   1.984   1.636   1.581   1.937   2.595   2.750   2.205   2.233   3.589   3.750   4.799   2.170   2.359   1.750
     1   32   2.559   2.626   1.782   0.525   0.344   0.580   0.625   0.974   2.091   1.605   1.320   1.477   2.045   2.136   2.209   2.314   1.989   2.486   3.183   3.538   3.570   2.836   1.926
     1   33   1.802   1.840   1.444   0.725   0.536   0.382   0.505   0.756   1.013   1.036   1.821   1.130   1.232   1.346   1.626   1.798   1.729   2.135   3.596   2.646   3.657   2.669   1.578
     1   34   2.393   1.386   1.135   0.256   0.308   0.363   0.495   0.323   0.844   1.607   0.784   1.175   0.890   1.339   1.119   0.930   0.903   1.847   2.107   2.634   2.514   1.660   1.875
     1   35   1.217   1.002   1.302   0.598   0.228   0.241   0.141   0.482   0.889   0.809   0.823   0.765   0.479   0.822   0.854   0.874   0.930   1.974   1.685   1.806   2.181   1.962   1.242
     1   36   1.289   1.127   1.149   0.312   0.286   0.195   0.494   0.232   0.600   0.155   0.889   0.429   0.640   0.630   0.570   0.524   0.422   1.109   0.997   1.168   1.819   1.845   0.845
     1   37   0.519   0.360   0.535   0.143   0.167   0.088   0.332   0.327   0.295   0.299   0.293   0.321   0.286   0.479   0.452   0.387   0.621   0.650   0.482   0.745   0.988   1.018   0.652
     1   38   0.382   0.124   0.433   0.136   0.177   0.054   0.362   0.309   0.223   0.085   0.318   0.316   0.125   0.254   0.083   0.241   0.483   0.427   1.813   0.493   1.014   0.545   0.483
     1   39   0.125   0.312   0.362   0.053   0.024   0.000   0.158   0.106   0.191   0.038   0.250   0.218   0.074   0.071   0.144   0.084   0.184   0.578   0.490   0.776   1.103   0.804   0.369
     1   40   0.302   0.299   0.185   0.133   0.033   0.025   0.109   0.109   0.163   0.091   0.336   0.183   0.052   0.085   0.112   0.038   0.238   0.509   0.383   0.114   0.200   0.539   0.142
     1   41   0.045   0.034   0.081   0.024   0.000   0.049   0.000   0.053   0.028   0.000   0.169   0.130   0.030   0.022   0.043   0.020   0.094   0.073   0.214   0.061   0.155   0.060   0.239
     1   42   0.042   0.063   0.028   0.000   0.000   0.025   0.053   0.053   0.055   0.000   0.000   0.056   0.018   0.047   0.000   0.037   0.116   0.069   0.107   0.121   0.108   0.103   0.144
     1   43   0.020   0.021   0.000   0.018   0.040   0.028   0.000   0.053   0.030   0.000   0.113   0.085   0.000   0.000   0.021   0.000   0.059   0.000   0.100   0.082   0.082   0.077   0.093
     1   44   0.024   0.016   0.000   0.000   0.000   0.056   0.000   0.000   0.027   0.017   0.000   0.028   0.000   0.047   0.043   0.000   0.000   0.069   0.000   0.000   0.036   0.000   0.088
     1   45   0.000   0.030   0.016   0.056   0.000   0.000   0.000   0.053   0.000   0.000   0.268   0.000   0.000   0.000   0.038   0.000   0.080   0.043   0.158   0.000   0.024   0.000   0.074
     1   46   0.000   0.000   0.000   0.029   0.000   0.000   0.000   0.053   0.000   0.000   0.000   0.000   0.024   0.030   0.000   0.000   0.000   0.000   0.000   0.029   0.080   0.000   0.029
     1   47   0.067   0.037   0.000   0.016   0.000   0.000   0.000   0.000   0.000   0.000   0.000   0.000   0.000   0.000   0.000   0.000   0.000   0.000   0.000   0.000   0.018   0.000   0.019
     1   48   0.000   0.000   0.000   0.000   0.043   0.022   0.000   0.000   0.000   0.000   0.000   0.000   0.000   0.200   0.000   0.000   0.000   0.057   0.000   0.000   0.000   0.000   0.000
     1   49   0.000   0.000   0.021   0.000   0.000   0.000   0.112   0.000   0.000   0.000   0.113   0.056   0.000   0.000   0.000   0.000   0.000   0.000   0.000   0.000   0.000   0.000   0.000
     1   50   0.000   0.000   0.000   0.024   0.000   0.000   0.037   0.000   0.028   0.000   0.000   0.000   0.000   0.000   0.000   0.000   0.000   0.000   0.000   0.000   0.000   0.000   0.000
     1   51   0.000   0.000   0.000   0.000   0.000   0.000   0.000   0.000   0.000   0.000   0.000   0.000   0.000   0.000   0.000   0.000   0.000   0.000   0.000   0.000   0.000   0.000   0.000
     1   52   0.000   0.000   0.000   0.000   0.000   0.000   0.000   0.000   0.000   0.000   0.000   0.000   0.000   0.000   0.000   0.000   0.000   0.000   0.000   0.000   0.000   0.000   0.000
     1   53   0.000   0.000   0.000   0.000   0.000   0.000   0.000   0.000   0.000   0.000   0.000   0.000   0.000   0.000   0.000   0.000   0.000   0.000   0.000   0.000   0.000   0.000   0.000
     1   54   0.000   0.000   0.000   0.000   0.000   0.000   0.000   0.000   0.000   0.000   0.000   0.000   0.000   0.000   0.000   0.000   0.000   0.000   0.000   0.000   0.000   0.000   0.000
     1   55   0.000   0.000   0.000   0.000   0.000   0.000   0.000   0.000   0.000   0.000   0.000   0.000   0.000   0.000   0.000   0.000   0.000   0.000   0.000   0.000   0.000   0.000   0.000
     1   56   0.024   0.000   0.000   0.000   0.000   0.000   0.000   0.000   0.000   0.000   0.000   0.000   0.000   0.000   0.000   0.000   0.000   0.000   0.000   0.000   0.000   0.000   0.000
     1   57   0.000   0.000   0.000   0.000   0.000   0.000   0.000   0.000   0.000   0.000   0.000   0.000   0.000   0.000   0.000   0.000   0.000   0.000   0.000   0.000   0.000   0.000   0.000
     1   58   0.000   0.000   0.000   0.000   0.000   0.000   0.000   0.000   0.000   0.000   0.000   0.000   0.000   0.000   0.000   0.000   0.000   0.000   0.000   0.000   0.000   0.000   0.000
     1   59   0.000   0.000   0.000   0.000   0.000   0.000   0.000   0.000   0.000   0.000   0.000   0.000   0.000   0.000   0.000   0.000   0.000   0.000   0.000   0.000   0.000   0.000   0.000
     1   60   0.000   0.000   0.000   0.000   0.000   0.000   0.000   0.000   0.000   0.000   0.000   0.000   0.000   0.000   0.000   0.000   0.000   0.000   0.000   0.000   0.000   0.000   0.000
     1   61   0.000   0.000   0.000   0.000   0.000   0.000   0.000   0.000   0.000   0.000   0.000   0.000   0.000   0.000   0.000   0.000   0.000   0.000   0.000   0.000   0.000   0.000   0.000
     1   62   0.000   0.000   0.000   0.000   0.000   0.000   0.000   0.000   0.000   0.000   0.000   0.000   0.000   0.000   0.000   0.000   0.000   0.000   0.000   0.000   0.000   0.000   0.000
     1   63   0.000   0.000   0.000   0.000   0.000   0.000   0.000   0.000   0.000   0.000   0.000   0.000   0.000   0.000   0.000   0.000   0.000   0.000   0.000   0.000   0.000   0.000   0.000
     1   64   0.000   0.000   0.000   0.000   0.000   0.000   0.000   0.000   0.000   0.000   0.000   0.000   0.000   0.000   0.000   0.000   0.000   0.000   0.000   0.000   0.000   0.000   0.000
     1   65   0.000   0.000   0.000   0.000   0.000   0.000   0.000   0.000   0.000   0.000   0.000   0.000   0.000   0.000   0.000   0.000   0.000   0.000   0.000   0.000   0.000   0.000   0.000
     1   66   0.000   0.000   0.000   0.000   0.000   0.000   0.000   0.000   0.000   0.000   0.000   0.000   0.000   0.000   0.000   0.000   0.000   0.000   0.000   0.000   0.000   0.000   0.000
     1   67   0.000   0.000   0.000   0.000   0.000   0.000   0.000   0.000   0.000   0.000   0.000   0.000   0.000   0.000   0.000   0.000   0.000   0.000   0.000   0.000   0.000   0.000   0.000
     1   68   0.000   0.000   0.000   0.000   0.000   0.000   0.000   0.000   0.000   0.000   0.000   0.000   0.000   0.000   0.000   0.000   0.000   0.000   0.000   0.000   0.000   0.000   0.000
     1   69   0.000   0.000   0.000   0.000   0.000   0.000   0.000   0.000   0.000   0.000   0.000   0.000   0.000   0.000   0.000   0.000   0.000   0.000   0.000   0.000   0.000   0.000   0.000
     1   70   0.000   0.000   0.000   0.000   0.000   0.000   0.000   0.000   0.000   0.000   0.000   0.000   0.000   0.000   0.000   0.000   0.000   0.000   0.000   0.000   0.000   0.000   0.000
     1   71   0.000   0.000   0.000   0.000   0.000   0.000   0.000   0.000   0.000   0.000   0.000   0.000   0.000   0.000   0.000   0.000   0.000   0.000   0.000   0.000   0.000   0.000   0.000
     1   72   0.000   0.000   0.000   0.000   0.000   0.000   0.000   0.000   0.000   0.000   0.000   0.000   0.000   0.000   0.000   0.000   0.000   0.000   0.000   0.000   0.000   0.000   0.000
     1   73   0.000   0.000   0.000   0.000   0.000   0.000   0.000   0.000   0.000   0.000   0.000   0.000   0.000   0.000   0.000   0.000   0.000   0.000   0.000   0.000   0.000   0.000   0.000
     1   74   0.000   0.000   0.000   0.000   0.000   0.000   0.000   0.000   0.000   0.000   0.000   0.000   0.000   0.000   0.000   0.000   0.000   0.000   0.000   0.000   0.000   0.000   0.000
     1   75   0.000   0.000   0.000   0.000   0.000   0.000   0.000   0.000   0.000   0.000   0.000   0.000   0.000   0.000   0.000   0.000   0.000   0.000   0.000   0.000   0.000   0.000   0.000
     1   76   0.000   0.000   0.000   0.000   0.000   0.000   0.000   0.000   0.000   0.000   0.000   0.000   0.000   0.000   0.000   0.000   0.000   0.000   0.000   0.000   0.000   0.000   0.000
     1   77   0.000   0.000   0.000   0.000   0.000   0.000   0.000   0.000   0.000   0.000   0.000   0.000   0.000   0.000   0.000   0.000   0.000   0.000   0.000   0.000   0.000   0.000   0.000
     1   78   0.000   0.000   0.000   0.000   0.000   0.000   0.000   0.000   0.000   0.000   0.000   0.000   0.000   0.000   0.000   0.000   0.000   0.000   0.000   0.000   0.000   0.000   0.000
     1   79   0.000   0.000   0.000   0.000   0.000   0.000   0.000   0.000   0.000   0.000   0.000   0.000   0.000   0.000   0.000   0.000   0.000   0.000   0.000   0.000   0.000   0.000   0.000
     1   80   0.000   0.000   0.000   0.000   0.000   0.000   0.000   0.000   0.000   0.000   0.000   0.000   0.000   0.000   0.000   0.000   0.000   0.000   0.000   0.000   0.000   0.000   0.000
     1   81   0.000   0.000   0.000   0.000   0.000   0.000   0.000   0.000   0.000   0.000   0.000   0.000   0.000   0.000   0.000   0.000   0.000   0.000   0.000   0.000   0.000   0.000   0.000
     1   82   0.000   0.000   0.000   0.000   0.000   0.000   0.000   0.000   0.000   0.000   0.000   0.000   0.000   0.000   0.000   0.000   0.000   0.000   0.000   0.000   0.000   0.000   0.000
     1   83   0.000   0.000   0.000   0.000   0.000   0.000   0.000   0.000   0.000   0.000   0.000   0.000   0.000   0.000   0.000   0.000   0.000   0.000   0.000   0.000   0.000   0.000   0.000
     1   84   0.000   0.000   0.000   0.000   0.000   0.000   0.000   0.000   0.000   0.000   0.000   0.000   0.000   0.000   0.000   0.000   0.000   0.000   0.000   0.000   0.000   0.000   0.000
     1   85   0.000   0.000   0.000   0.000   0.000   0.000   0.000   0.000   0.000   0.000   0.000   0.000   0.000   0.000   0.000   0.000   0.000   0.000   0.000   0.000   0.000   0.000   0.000
     1   86   0.000   0.000   0.000   0.000   0.000   0.000   0.000   0.000   0.000   0.000   0.000   0.000   0.000   0.000   0.000   0.000   0.000   0.000   0.000   0.000   0.000   0.000   0.000
     1   87   0.000   0.000   0.000   0.000   0.000   0.000   0.000   0.000   0.000   0.000   0.000   0.000   0.000   0.000   0.000   0.000   0.000   0.000   0.000   0.000   0.000   0.000   0.000
     1   88   0.000   0.000   0.000   0.000   0.000   0.000   0.000   0.000   0.000   0.000   0.000   0.000   0.000   0.000   0.000   0.000   0.000   0.000   0.000   0.000   0.000   0.000   0.000
     1   89   0.000   0.000   0.000   0.000   0.000   0.000   0.000   0.000   0.000   0.000   0.000   0.000   0.000   0.000   0.000   0.000   0.000   0.000   0.000   0.000   0.000   0.000   0.000
     1   90   0.000   0.000   0.000   0.000   0.000   0.000   0.000   0.000   0.000   0.000   0.000   0.000   0.000   0.000   0.000   0.000   0.000   0.000   0.000   0.000   0.000   0.000   0.000
     1   91   0.000   0.000   0.000   0.000   0.000   0.000   0.000   0.000   0.000   0.000   0.000   0.000   0.000   0.000   0.000   0.000   0.000   0.000   0.000   0.000   0.000   0.000   0.000
     1   92   0.000   0.000   0.000   0.000   0.000   0.000   0.000   0.000   0.000   0.000   0.000   0.000   0.000   0.000   0.000   0.000   0.000   0.000   0.000   0.000   0.000   0.000   0.000
     1   93   0.000   0.000   0.000   0.000   0.000   0.000   0.000   0.000   0.000   0.000   0.000   0.000   0.000   0.000   0.000   0.000   0.000   0.000   0.000   0.000   0.000   0.000   0.000
     1   94   0.000   0.000   0.000   0.000   0.000   0.000   0.000   0.000   0.000   0.000   0.000   0.000   0.000   0.000   0.000   0.000   0.000   0.000   0.000   0.000   0.000   0.000   0.000
     1   95   0.000   0.000   0.000   0.000   0.000   0.000   0.000   0.000   0.000   0.000   0.000   0.000   0.000   0.000   0.000   0.000   0.000   0.000   0.000   0.000   0.000   0.000   0.000
     1   96   0.000   0.000   0.000   0.000   0.000   0.000   0.000   0.000   0.000   0.000   0.000   0.000   0.000   0.000   0.000   0.000   0.000   0.000   0.000   0.000   0.000   0.000   0.000
     1   97   0.000   0.000   0.000   0.000   0.000   0.000   0.000   0.000   0.000   0.000   0.000   0.000   0.000   0.000   0.000   0.000   0.000   0.000   0.000   0.000   0.000   0.000   0.000
     1   98   0.000   0.000   0.000   0.000   0.000   0.000   0.000   0.000   0.000   0.000   0.000   0.000   0.000   0.000   0.000   0.000   0.000   0.000   0.000   0.000   0.000   0.000   0.000
# observed length frequency distributions, survey 2, numbers per tow
     2   1   0.000   0.000   0.000   0.000   0.000   0.000   0.000   0.000   0.000   0.000   0.000   0.000   0.000   0.000   0.000   0.000   0.000   0.000   0.000   0.000   0.000   0.000   0.000
     2   2   0.000   0.000   0.000   0.000   0.000   0.000   0.000   0.000   0.000   0.000   0.000   0.000   0.000   0.000   0.000   0.000   0.000   0.000   0.000   0.000   0.000   0.000   0.000
     2   3   0.000   0.000   0.000   0.000   0.000   0.000   0.000   0.000   0.000   0.000   0.000   0.000   0.000   0.000   0.000   0.000   0.000   0.000   0.000   0.000   0.000   0.000   0.000
     2   4   0.000   0.000   0.000   0.000   0.000   0.000   0.000   0.000   0.000   0.000   0.000   0.000   0.000   0.000   0.000   0.000   0.000   0.000   0.000   0.000   0.000   0.000   0.000
     2   5   0.000   0.000   0.000   0.000   0.000   0.000   0.000   0.000   0.000   0.000   0.000   0.000   0.000   0.000   0.000   0.000   0.000   0.000   0.000   0.000   0.000   0.000   0.000
     2   6   0.000   0.000   0.000   0.000   0.000   0.000   0.000   0.000   0.000   0.000   0.000   0.000   0.000   0.000   0.000   0.000   0.000   0.000   0.000   0.000   0.000   0.000   0.000
     2   7   0.000   0.000   0.000   0.000   0.000   0.000   0.000   0.000   0.000   0.000   0.000   0.000   0.000   0.000   0.000   0.000   0.000   0.000   0.000   0.000   0.000   0.000   0.000
     2   8   0.000   0.000   0.000   0.000   0.000   0.000   0.000   0.000   0.000   0.000   0.000   0.000   0.000   0.000   0.000   0.000   0.000   0.000   0.000   0.000   0.000   0.000   0.000
     2   9   0.000   0.000   0.000   0.000   0.000   0.000   0.000   0.000   0.000   0.000   0.000   0.000   0.000   0.000   0.000   0.000   0.000   0.000   0.000   0.000   0.000   0.000   0.000
     2   10   0.000   0.000   0.000   0.000   0.000   0.000   0.000   0.000   0.000   0.000   0.000   0.000   0.000   0.000   0.000   0.000   0.000   0.000   0.000   0.000   0.000   0.000   0.000
     2   11   0.000   0.000   0.000   0.000   0.000   0.000   0.000   0.000   0.000   0.000   0.000   0.000   0.000   0.000   0.000   0.000   0.000   0.000   0.000   0.000   0.000   0.000   0.000
     2   12   0.000   0.000   0.000   0.000   0.000   0.000   0.000   0.000   0.000   0.000   0.000   0.000   0.000   0.000   0.000   0.000   0.000   0.000   0.000   0.000   0.000   0.000   0.000
     2   13   0.000   0.000   0.000   0.000   0.000   0.000   0.000   0.000   0.000   0.000   0.000   0.000   0.000   0.000   0.000   0.000   0.000   0.000   0.000   0.000   0.000   0.000   0.000
     2   14   0.000   0.000   0.000   0.000   0.000   0.000   0.000   0.000   0.000   0.000   0.000   0.000   0.000   0.000   0.000   0.000   0.000   0.000   0.000   0.000   0.000   0.000   0.000
     2   15   0.000   0.000   0.000   0.000   0.000   0.000   0.000   0.000   0.000   0.000   0.000   0.000   0.000   0.000   0.000   0.000   0.000   0.000   0.000   0.000   0.000   0.000   0.000
     2   16   0.000   0.000   0.000   0.000   0.000   0.000   0.000   0.000   0.000   0.000   0.000   0.000   0.000   0.000   0.000   0.000   0.000   0.000   0.000   0.000   0.000   0.000   0.000
     2   17   0.000   0.000   0.000   0.000   0.000   0.000   0.000   0.000   0.000   0.000   0.000   0.000   0.000   0.000   0.000   0.000   0.000   0.000   0.000   0.000   0.000   0.000   0.000
     2   18   0.000   0.000   0.000   0.000   0.000   0.000   0.000   0.000   0.000   0.000   0.000   0.000   0.000   0.000   0.000   0.000   0.000   0.000   0.000   0.000   0.000   0.000   0.000
     2   19   0.000   0.000   0.000   0.000   0.000   0.000   0.000   0.000   0.000   0.000   0.000   0.000   0.000   0.000   0.000   0.000   0.000   0.000   0.000   0.000   0.000   0.000   0.000
     2   20   0.000   0.000   0.000   0.000   0.000   0.000   0.000   0.000   0.000   0.000   0.000   0.000   0.000   0.000   0.000   0.000   0.000   0.000   0.000   0.000   0.000   0.000   0.000
     2   21   0.000   0.000   0.000   0.000   0.000   0.000   0.000   0.000   0.000   0.000   0.000   0.000   0.000   0.000   0.000   0.000   0.000   0.000   0.000   0.000   0.000   0.000   0.000
     2   22   0.000   0.000   0.000   0.000   0.000   0.000   0.000   0.000   0.000   0.000   0.000   0.000   0.000   0.000   0.000   0.000   0.000   0.000   0.000   0.000   0.000   0.000   0.000
     2   23   0.000   0.000   0.000   0.000   0.000   0.000   0.000   0.000   0.000   0.000   0.000   0.000   0.000   0.000   0.000   0.000   0.000   0.000   0.000   0.000   0.000   0.000   0.000
     2   24   0.000   0.000   0.000   0.000   0.000   0.000   0.000   0.000   0.000   0.000   0.000   0.000   0.000   0.000   0.000   0.000   0.000   0.000   0.000   0.000   0.000   0.000   0.000
     2   25   0.000   0.000   0.000   0.000   0.000   0.000   0.000   0.000   0.000   0.000   0.000   0.000   0.000   0.000   0.000   0.000   0.000   0.000   0.000   0.000   0.000   0.000   0.000
     2   26   0.000   0.000   0.000   0.000   0.000   0.000   0.000   0.000   0.000   0.000   0.000   0.000   0.000   0.000   0.000   0.000   0.000   0.000   0.000   0.000   0.000   0.000   0.000
     2   27   0.000   0.000   0.000   0.000   0.000   0.000   0.000   0.000   0.000   0.000   0.000   0.000   0.000   0.000   0.000   0.000   0.000   0.000   0.000   0.000   0.000   0.000   0.000
     2   28   0.000   0.000   0.000   0.000   0.000   0.000   0.000   0.000   0.000   0.000   0.000   0.000   0.000   0.000   0.000   0.000   0.000   0.000   0.000   0.000   0.000   0.000   0.000
     2   29   0.000   0.000   0.000   0.000   0.000   0.000   0.000   0.000   0.000   0.000   0.000   0.000   0.000   0.000   0.000   0.000   0.000   0.000   0.000   0.000   0.000   0.000   0.000
     2   30   3.683   5.925   3.616   3.025   1.347   3.747   2.423   1.896   2.366   2.758   2.545   2.387   1.157   2.788   2.483   2.672   3.397   2.557   6.827   6.128   5.051   3.060   2.068
     2   31   2.571   7.035   3.379   2.431   1.619   3.746   1.629   1.880   1.481   1.704   1.894   1.372   1.043   1.686   1.998   2.327   2.426   2.264   5.725   4.204   6.182   2.694   1.783
     2   32   1.870   7.003   3.179   2.516   1.864   3.283   1.509   1.882   1.277   2.886   1.764   1.468   1.074   1.682   1.918   2.326   1.997   1.861   5.689   4.971   4.755   2.781   1.930
     2   33   3.171   4.152   2.325   2.247   1.861   2.696   1.208   1.603   1.238   1.325   1.551   1.283   0.653   0.869   1.180   1.859   1.663   1.999   4.912   3.801   4.654   3.325   1.843
     2   34   2.571   3.235   2.590   1.905   1.781   1.424   0.888   1.603   0.917   1.127   1.154   0.857   0.664   0.482   1.077   1.423   1.510   2.359   3.143   2.460   2.958   2.808   1.334
     2   35   1.557   3.894   2.890   1.231   1.515   1.054   0.712   1.671   0.491   0.830   1.162   0.636   0.411   0.597   0.405   0.935   1.114   1.132   2.979   2.294   2.280   1.781   1.724
     2   36   1.404   2.467   1.976   1.304   1.046   0.638   0.344   1.430   0.487   0.929   0.862   0.588   0.369   0.201   0.593   0.616   0.933   0.950   2.267   1.860   2.076   1.377   1.130
     2   37   1.142   1.752   1.420   0.657   0.950   1.061   0.288   0.654   0.416   0.401   0.509   0.702   0.198   0.315   0.347   0.197   0.400   0.580   1.160   1.345   1.044   1.058   0.824
     2   38   1.103   1.599   0.713   0.719   0.526   0.367   0.167   0.464   0.474   0.175   0.306   0.476   0.137   0.119   0.167   0.117   0.225   0.405   1.062   1.384   0.577   0.564   0.626
     2   39   0.951   1.145   0.860   0.513   0.280   0.360   0.132   0.160   0.450   0.221   0.186   0.330   0.144   0.194   0.039   0.212   0.133   0.174   0.700   0.631   0.188   0.435   0.369
     2   40   0.812   1.124   0.363   0.362   0.291   0.269   0.083   0.185   0.322   0.116   0.230   0.331   0.108   0.040   0.057   0.081   0.045   0.060   0.403   0.299   0.321   0.522   0.220
     2   41   0.513   0.604   0.399   0.231   0.183   0.188   0.060   0.078   0.055   0.036   0.074   0.247   0.054   0.022   0.043   0.055   0.067   0.000   0.151   0.340   0.307   0.356   0.107
     2   42   0.233   0.888   0.173   0.206   0.056   0.201   0.040   0.184   0.040   0.244   0.092   0.109   0.076   0.042   0.000   0.000   0.025   0.092   0.105   0.250   0.178   0.180   0.058
     2   43   0.224   0.276   0.240   0.147   0.041   0.061   0.048   0.060   0.064   0.059   0.101   0.090   0.078   0.000   0   0   0   0   0.040   0.247   0.029   0.115   0.119
     2   44   0.122   0.031   0.122   0.040   0.100   0.101   0.055   0.000   0.000   0.059   0.000   0.055   0.024   0.020   0   0   0   0   0.000   0.056   0.036   0.020   0.018
     2   45   0.063   0.255   0.121   0.027   0.025   0.016   0.045   0.209   0.040   0.000   0.082   0.019   0   0.022   0   0   0   0   0.065   0.000   0.000   0.000   0.030
     2   46   0.000   0.178   0.090   0.000   0.000   0.018   0.000   0.000   0.036   0.020   0.045   0.019   0   0.019   0   0   0   0   0   0   0   0   0.000
     2   47   0.000   0.236   0.000   0.000   0.000   0.000   0.000   0.043   0.000   0.000   0.045   0.045   0   0.016   0   0   0   0   0   0   0   0   0.000
     2   48   0.000   0.000   0.029   0.030   0.067   0.000   0.000   0.000   0.000   0.022   0.000   0.018   0   0.000   0   0   0   0   0   0   0   0   0.018
     2   49   0.063   0.000   0.000   0.000   0.000   0.021   0.000   0.000   0.000   0.000   0.000   0.036   0   0   0   0   0   0   0   0   0   0   0
     2   50   0.000   0.000   0.000   0   0   0   0   0   0.000   0.000   0.027   0.000   0   0   0   0   0   0   0   0   0   0   0
     2   51   0.032   0.000   0.031   0   0   0   0   0   0.000   0.000   0.000   0.000   0   0   0   0   0   0   0   0   0   0   0
     2   52   0   0.000   0.000   0   0   0   0   0   0.022   0.043   0.000   0.000   0   0   0   0   0   0   0   0   0   0   0
     2   53   0   0.000   0.000   0   0   0   0   0   0   0   0   0   0   0   0   0   0   0   0   0   0   0   0
     2   54   0   0.000   0.000   0   0   0   0   0   0   0   0   0   0   0   0   0   0   0   0   0   0   0   0
     2   55   0   0.035   0.000   0   0   0   0   0   0   0   0   0   0   0   0   0   0   0   0   0   0   0   0
     2   56   0   0   0   0   0   0   0   0   0   0   0   0   0   0   0   0   0   0   0   0   0   0   0
     2   57   0   0   0   0   0   0   0   0   0   0   0   0   0   0   0   0   0   0   0   0   0   0   0
     2   58   0   0   0   0   0   0   0   0   0   0   0   0   0   0   0   0   0   0   0   0   0   0   0
     2   59   0   0   0   0   0   0   0   0   0   0   0   0   0   0   0   0   0   0   0   0   0   0   0
     2   60   0   0   0   0   0   0   0   0   0   0   0   0   0   0   0   0   0   0   0   0   0   0   0
     2   61   0   0   0   0   0   0   0   0   0   0   0   0   0   0   0   0   0   0   0   0   0   0   0
     2   62   0   0   0   0   0   0   0   0   0   0   0   0   0   0   0   0   0   0   0   0   0   0   0
     2   63   0   0   0   0   0   0   0   0   0   0   0   0   0   0   0   0   0   0   0   0   0   0   0
     2   64   0   0   0   0   0   0   0   0   0   0   0   0   0   0   0   0   0   0   0   0   0   0   0
     2   65   0   0   0   0   0   0   0   0   0   0   0   0   0   0   0   0   0   0   0   0   0   0   0
     2   66   0   0   0   0   0   0   0   0   0   0   0   0   0   0   0   0   0   0   0   0   0   0   0
     2   67   0   0   0   0   0   0   0   0   0   0   0   0   0   0   0   0   0   0   0   0   0   0   0
     2   68   0   0   0   0   0   0   0   0   0   0   0   0   0   0   0   0   0   0   0   0   0   0   0
     2   69   0   0   0   0   0   0   0   0   0   0   0   0   0   0   0   0   0   0   0   0   0   0   0
     2   70   0   0   0   0   0   0   0   0   0   0   0   0   0   0   0   0   0   0   0   0   0   0   0
     2   71   0   0   0   0   0   0   0   0   0   0   0   0   0   0   0   0   0   0   0   0   0   0   0
     2   72   0   0   0   0   0   0   0   0   0   0   0   0   0   0   0   0   0   0   0   0   0   0   0
     2   73   0   0   0   0   0   0   0   0   0   0   0   0   0   0   0   0   0   0   0   0   0   0   0
     2   74   0   0   0   0   0   0   0   0   0   0   0   0   0   0   0   0   0   0   0   0   0   0   0
     2   75   0   0   0   0   0   0   0   0   0   0   0   0   0   0   0   0   0   0   0   0   0   0   0
     2   76   0   0   0   0   0   0   0   0   0   0   0   0   0   0   0   0   0   0   0   0   0   0   0
     2   77   0   0   0   0   0   0   0   0   0   0   0   0   0   0   0   0   0   0   0   0   0   0   0
     2   78   0   0   0   0   0   0   0   0   0   0   0   0   0   0   0   0   0   0   0   0   0   0   0
     2   79   0   0   0   0   0   0   0   0   0   0   0   0   0   0   0   0   0   0   0   0   0   0   0
     2   80   0   0   0   0   0   0   0   0   0   0   0   0   0   0   0   0   0   0   0   0   0   0   0
     2   81   0   0   0   0   0   0   0   0   0   0   0   0   0   0   0   0   0   0   0   0   0   0   0
     2   82   0   0   0   0   0   0   0   0   0   0   0   0   0   0   0   0   0   0   0   0   0   0   0
     2   83   0   0   0   0   0   0   0   0   0   0   0   0   0   0   0   0   0   0   0   0   0   0   0
     2   84   0   0   0   0   0   0   0   0   0   0   0   0   0   0   0   0   0   0   0   0   0   0   0
     2   85   0   0   0   0   0   0   0   0   0   0   0   0   0   0   0   0   0   0   0   0   0   0   0
     2   86   0   0   0   0   0   0   0   0   0   0   0   0   0   0   0   0   0   0   0   0   0   0   0
     2   87   0   0   0   0   0   0   0   0   0   0   0   0   0   0   0   0   0   0   0   0   0   0   0
     2   88   0   0   0   0   0   0   0   0   0   0   0   0   0   0   0   0   0   0   0   0   0   0   0
     2   89   0   0   0   0   0   0   0   0   0   0   0   0   0   0   0   0   0   0   0   0   0   0   0
     2   90   0   0   0   0   0   0   0   0   0   0   0   0   0   0   0   0   0   0   0   0   0   0   0
     2   91   0   0   0   0   0   0   0   0   0   0   0   0   0   0   0   0   0   0   0   0   0   0   0
     2   92   0   0   0   0   0   0   0   0   0   0   0   0   0   0   0   0   0   0   0   0   0   0   0
     2   93   0   0   0   0   0   0   0   0   0   0   0   0   0   0   0   0   0   0   0   0   0   0   0
     2   94   0   0   0   0   0   0   0   0   0   0   0   0   0   0   0   0   0   0   0   0   0   0   0
     2   95   0   0   0   0   0   0   0   0   0   0   0   0   0   0   0   0   0   0   0   0   0   0   0
     2   96   0   0   0   0   0   0   0   0   0   0   0   0   0   0   0   0   0   0   0   0   0   0   0
     2   97   0   0   0   0   0   0   0   0   0   0   0   0   0   0   0   0   0   0   0   0   0   0   0
     2   98   0   0   0   0   0   0   0   0   0   0   0   0   0   0   0   0   0   0   0   0   0   0   0
# Q Guesses
# Initial guess of q for recruitment indices
     0.1   0.1
# Initial guess of q for adult indices
     0.1   0.1
# Selectivity
# Initial guess of alpha selectivity parameter (1 to nlengths)
     25   25
# Initial guess of beta selectivity parameter (slope)
     0.3   0.3
# Initial guess of alpha discard selectivity parameter (1 to nlengths), to shut off use negative in phase and set guess near nlengths
     98   98
# Initial guess of beta discard selectivity parameter (slope), to shut off use negative in phase and set guess near 1.00
     1   1
# Parameter bounds
# selectivity alpha lower bound (1-nlengths)
     1
# selectivity alpha upper bound  (1-nlengths)
     40
# selectivity beta lower bound (0.00-1.00)
     0.00
# selectivity beta upper bound selectivity (0.00-1.00)
     1.00
# selectivity alpha discard lower bound (1-nlengths)
     1
# selectivity alpha discard upper bound (1-nlengths)
     98
# selectivity beta discard lower bound (0.00-1.00)
     0.00
# selectivity beta discard upper bound (0.00-1.00), prevents overlap of fishery selectivity curve for the smaller fish
     1.00
# vrec lower bound, default  is -4
     -4.00
# vrec upper bound, default  is 4
     4.00
# initial recruitment lower bound, default  is 10
     10
# initial recruitment upper bound, default  is 1e+11
     1.E+11
# Fmult lower bound, default  is 0.0001
     0.0001
# Fmult upper bound, default  is 4.0
     4.00
# Fstart lower bound, default  is 0
     0.0000
# Fstart upper bound, default  is 4.0
     4.00
# q recruitment indices lower bound, default  is 1e-8
     8.E-08
# q recruitment indices upper bound, default  is 100
     100
# q adult indices lower bound, default  is 1e-8
     8.E-08
# q adult indices upper bound, default  is 100
     100
# Phase
# Phase for Estimating variation in Recruitment
     2
# Phase for Estimating Recruitment Level (Use negative value to turn off estimation)
     1
# Phase for Estimating Annual Fishing Mortality Rates
     1
# Phase for Estimating Initial Fishing Mortality (Fstart) to produce start pop (Use negative value to fix at initial guess)
     1
# Phase for recruitment qs
     3
# Phase for adult total number index qs
     3
# Phase for Estimating alpha selectivity parameter
     2
# Phase for Estimating beta selectivity parameter
     2
# Phase for Estimating alpha discards selectivity parameter
     -2
# Phase for Estimating beta discards selectivity parameter
     -2
# What to fit?
# vector fit for recruitment surveys (age)
     2   2
# vector fit for survey length and larger for total numbers in adult surveys (cm)
     30   30
# vector fit for survey length frequencies length and larger (cm)
     30   30
# Emphasis for Each Component in Objective Function
# variation in recruitment penalty weight
     1
# Total Catch weight
     5
# effective sample size of catch length frequency distributions
     400
# vector weight on recruitment indices
     1   2
# vector weight for survey total number indices (adult indices)
     1   1
# vector effective sample size of survey length frequency data
     200   200
#
# Index Names for GUI display, one index per line. Names must be preceeded by comment symbol (#) to prevent calculation engine errors.
# Survey Recruitment Index Names
# Index 1
# Index 2
# Survey Adult Index Names
# Index 1
# Index 2
# Survey Length Frequency Names
# Survey 1
# Survey 2
#done
